413
0 0 20 -490 0 0 0 0 1 0
0.01654 0 20 -490 0 0 0 0 1 0
0.032534 0 20 -490 0 0 0 0 1 0
0.048868 0 20 -490 0 0 0 0 1 0
0.065092 0 20 -490 0 0 0 0 1 0
0.081333 0 20 -490 0 0 0 0 1 0
0.098105 0 20 -490 0 0 0 0 1 0
0.114166 0 20 -490 0 0 0 0 1 0
0.131222 0 20 -490 0 0 0 0 1 0
0.147236 0 20 -490 0 0 0 0 1 0
0.163305 0 20 -490 0 0 0 0 1 0
0.179858 0 20 -490 0 0 0 0 1 0
0.196273 0 20 -490 0 0 0 0 1 0
0.212317 0 20 -490 0 0 0 0 1 0
0.228774 0 20 -490 0 0 0 0 1 0
0.245496 0 20 -490 0 0 0 0 1 0
0.26162 0 20 -490 0 0 0 0 1 0
0.278109 0 20 -490 0 0 0 0 1 0
0.295088 0 20 -490 0 0 0 0 1 0
0.312011 0 20 -490 0 0 0 0 1 0
0.328998 0 20 -490 0 0 0 0 1 0
0.345537 0 20 -490 0 0 0 0 1 0
0.362195 0 20 -490 0 0 0 0 1 0
0.379225 0 20 -490 0 0 0 0 1 0
0.395784 0 20 -490 0 0 0 0 1 0
0.412346 0 20 -490 0 0 0 0 1 0
0.4288 0 20 -490 0 0 0 0 1 0
0.444386 0 20 -490 0 0 0 0 1 0
0.46139 0 20 -490 0 0 0 0 1 0
0.477608 0 20 -490 0 0 0 0 1 0
0.494303 0 20 -490 0 0 0 0 1 0
0.51142 0 20 -490 0 0 0 0 1 0
0.526908 0 20 -490 0 0 0 0 1 0
0.543136 0 20 -490 0 0 0 0 1 0
0.560263 0 20 -490 0 0 0 0 1 0
0.576536 0 20 -490 0 0 0 0 1 0
0.593016 0 20 -490 0 0 0 0 1 0
0.611215 0 20 -490 0 0 0 0 1 0
0.627583 0 20 -490 0 0 0 0 1 0
0.643676 0 20 -490 0 0 0 0 1 0
0.660992 0 20 -490 0 0 0 0 1 0
0.677537 0 20 -490 0 0 0 0 1 0
0.693976 0 20 -490 0 0 0 0 1 0
0.712224 0 20 -490 0 0 0 0 1 0
0.728343 0 20 -490 0 0 0 0 1 0
0.744708 0 20 -490 0 0 0 0 1 0
0.760101 0 20 -490 0 0 0 0 1 0
0.777255 0 20 -490 0 0 0 0 1 0
0.79316 0 20 -490 0 0 0 0 1 0
0.810553 0 20 -490 0 0 0 0 1 0
0.826843 0 20 -490 0 0 0 0 1 0
0.843848 0 20 -490 0 0 0 0 1 0
0.860344 0 20 -490 0 0 0 0 1 0
0.876778 0 20 -490 0 0 0 0 1 0
0.89386 0 20 -490 0 0 0 0 1 0
0.910164 0 20 -490 0 0 0 0 1 0
0.926837 0 20 -490 0 0 0 0 1 0
0.944824 0 20 -490 0 0 0 0 1 0
0.961824 0 20 -490 0 0 0 0 1 0
0.978198 0 20 -490 0 0 0 0 1 0
0.99407 0 20 -490 0 0 0 0 1 0
1.01048 0 20 -490 0 0 0 0 1 0
1.02745 0 20 -490 0 0 0 0 1 0
1.04421 0 20 -490 0 0 0 0 1 0
1.06106 0 20 -490 0 0 0 0 1 0
1.07729 0 20 -490 0 0 0 0 1 0
1.09405 0 20 -490 0 0 0 0 1 0
1.11103 0 20 -490 0 0 0 0 1 0
1.1271 0 20 -490 0 0 0 0 1 0
1.14479 0 20 -490 0 0 0 0 1 0
1.16032 0 20 -490 0 0 0 0 1 0
1.17745 0 20 -490 0 0 0 0 1 0
1.19387 0 20 -490 0 0 0 0 1 0
1.20936 0 20 -490 0 0 0 0 1 0
1.22673 0 20 -490 0 0 0 0 1 0
1.24346 0 20 -490 0 0 0 0 1 0
1.26053 0 20 -490 0 0 0 0 1 0
1.2772 0 20 -490 0 0 0 0 1 0
1.29348 0 20 -490 0 0 0 0 1 0
1.3106 0 20 -490 0 0 0 0 1 0
1.3268 0 20 -490 0 0 0 0 1 0
1.34442 0 20 -490 0 0 0 0 1 0
1.3608 0 20 -490 0 0 0 0 1 0
1.3765 0 20 -490 0 0 0 0 1 0
1.39415 0 20 -490 0 0 0 0 1 0
1.41093 0 20 -490 0 0 0 0 1 0
1.42788 0 20 -490 0 0 0 0 1 0
1.44497 0 20 -490 0 0 0 0 1 0
1.46161 0 20 -490 0 0 0 0 1 0
1.47827 0 20 -490 0 0 0 0 1 0
1.49529 0 20 -490 0 0 0 0 1 0
1.51199 0 20 -490 0 0 0 0 1 0
1.52801 0 20 -490 0 0 0 0 1 0
1.54512 0 20 -490 0 0 0 0 1 0
1.5614 0 20 -490 0 0 0 0 1 0
1.57734 0 20 -490 0 0 0 0 1 0
1.59382 0 20 -490 0 0 0 0 1 0
1.61041 0 20 -490 0 0 0 0 1 0
1.62757 0 20 -490 0 0 0 0 1 0
1.64447 0 20 -490 0 0 0 0 1 0
1.66071 0 20 -490 0 0 0 0 1 0
1.67715 0 20 -490 0 0 0 0 1 0
1.69375 0 20 -490 0 0 0 0 1 0
1.71008 0 20 -490 0 0 0 0 1 0
1.72671 0 20 -490 0 0 0 0 1 0
1.74304 0 20 -490 0 0 0 0 1 0
1.76037 0 20 -490 0 0 0 0 1 0
1.77682 0 20 -490 0 0 0 0 1 0
1.79365 0 20 -490 0 0 0 0 1 0
1.81074 0 20 -490 0 0 0 0 1 0
1.82746 0 20 -490 0 0 0 0 1 0
1.84414 0 20 -490 0 0 0 0 1 0
1.86011 0 20 -490 0 0 0 0 1 0
1.87664 0 20 -490 0 0 0 0 1 0
1.89274 0 20 -490 0 0 0 0 1 0
1.9096 0 20 -490 0 0 0 0 1 0
1.92754 0 20 -490 0 0 0 0 1 0
1.9442 0 20 -490 0 0 0 0 1 0
1.96081 0 20 -490 0 0 0 0 1 0
1.97681 0 20 -490 0 0 0 0 1 0
1.99341 0 20 -490 0 0 0 0 1 0
2.01144 0 20 -490 0 0 0 0 1 0
2.02849 0 20 -490 0 0 0 0 1 0
2.04533 0 20 -490 0 0 0 0 1 0
2.06193 0 20 -490 0 0 0 0 1 0
2.07751 0 20 -490 0 0 0 0 1 0
2.09363 0 20 -490 0 0 0 0 1 0
2.10982 0 20 -490 0 0 0 0 1 0
2.12685 0 20 -490 0 0 0 0 1 0
2.14395 0 20 -490 0 0 0 0 1 0
2.16094 0 20 -490 0 0 0 0 1 0
2.17649 0 20 -490 0 0 0 0 1 0
2.19406 0 20 -490 0 0 0 0 1 0
2.21088 0 20 -490 0 0 0 0 1 0
2.22663 0 20 -490 0 0 0 0 1 0
2.24376 0 20 -490 0 0 0 0 1 0
2.26022 0 20 -490 0 0 0 0 1 0
2.27808 0 20 -490 0 0 0 0 1 0
2.29446 0 20 -490 0 0 0 0 1 0
2.31095 0 20 -490 0 0 0 0 1 0
2.32724 0 20 -490 0 0 0 0 1 0
2.34362 0 20 -490 0 0 0 0 1 0
2.36032 0 20 -490 0 0 0 0 1 0
2.37652 0 20 -490 0 0 0 0 1 0
2.39271 0 20 -490 0 0 0 0 1 0
2.40929 0 20 -490 0 0 0 0 1 0
2.42663 0 20 -490 0 0 0 0 1 0
2.44309 0 20 -490 0 0 0 0 1 0
2.46006 0 20 -490 0 0 0 0 1 0
2.4769 0 20 -490 0 0 0 0 1 0
2.49378 0 20 -490 0 0 0 0 1 0
2.51129 0 20 -490 0 0 0 0 1 0
2.52872 0 20 -490 0 0 0 0 1 0
2.54558 0 20 -490 0 0 0 0 1 0
2.56197 0 20 -490 0 0 0 0 1 0
2.57941 0 20 -490 0 0 0 0 1 0
2.59694 0 20 -490 0 0 0 0 1 0
2.61351 0 20 -490 0 0 0 0 1 0
2.62987 0 20 -490 0 0 0 0 1 0
2.64631 0 20 -490 0 0 0 0 1 0
2.66316 0 20 -490 0 0 0 0 1 0
2.67929 0 20 -490 0 0 0 0 1 0
2.69627 0 20 -490 0 0 0 0 1 0
2.71402 0 20 -490 0 0 0 0 1 0
2.73112 0 20 -490 0 0 0 0 1 0
2.74767 0 20 -490 0 0 0 0 1 0
2.76412 0 20 -490 0 0 0 0 1 0
2.78137 0 20 -490 0 0 0 0 1 0
2.79791 0 20 -490 0 0 0 0 1 0
2.8142 0 20 -490 0 0 0 0 1 0
2.83017 0 20 -490 0 0 0 0 1 0
2.84662 0 20 -490 0 0 0 0 1 0
2.86265 0 20 -490 0 0 0 0 1 0
2.88039 0 20 -490 0 0 0 0 1 0
2.89683 0 20 -490 0 0 0 0 1 0
2.91302 0 20 -490 0 0 0 0 1 0
2.92874 0 20 -490 0 0 0 0 1 0
2.94513 0 20 -490 0 0 0 0 1 0
2.96149 0 20 -490 0 0 0 0 1 0
2.97833 0 20 -490 0 0 0 0 1 0
2.9948 0 20 -490 0 0 0 0 1 0
3.01147 0 20 -490 0 0 0 0 1 0
3.02816 0 20 -490 0 0 0 0 1 0
3.04366 0 20 -490 0 0 0 0 1 0
3.0594 0 20 -490 0 0 0 0 1 0
3.07709 0 20 -490 0 0 0 0 1 0
3.09367 0 20 -490 0 0 0 0 1 0
3.11085 0 20 -490 0 0 0 0 1 0
3.12734 0 20 -490 0 0 0 0 1 0
3.14382 0 20 -490 0 0 0 0 1 0
3.16018 0 20 -490 0 0 0 0 1 0
3.17607 0 20 -490 0 0 0 0 1 0
3.19352 0 20 -490 0 0 0 0 1 0
3.21054 0 20 -490 0 0 0 0 1 0
3.22709 0 20 -490 0 0 0 0 1 0
3.24334 0 20 -490 0 0 0 0 1 0
3.26236 0 20 -490 0 0 0 0 1 0
3.27852 0 20 -490 0 0 0 0 1 0
3.29515 0 20 -490 0 0 0 0 1 0
3.31213 0 20 -490 0 0 0 0 1 0
3.32911 0 20 -490 0 0 0 0 1 0
3.34478 0 20 -490 0 0 0 0 1 0
3.36103 0 20 -490 0 0 0 0 1 0
3.37663 0 20 -490 0 0 0 0 1 0
3.39291 0 20 -490 0 0 0 0 1 0
3.4101 0 20 -490 0 0 0 0 1 0
3.42704 0 20 -490 0 0 0 0 1 0
3.44386 0 20 -490 0 0 0 0 1 0
3.46065 0 20 -490 0 0 0 0 1 0
3.47806 0 20 -490 0 0 0 0 1 0
3.49393 0 20 -490 0 0 0 0 1 0
3.51022 0 20 -490 0 0 0 0 1 0
3.5265 0 20 -490 0 0 0 0 1 0
3.5431 0 20 -490 0 0 0 0 1 0
3.55994 0 20 -490 0 0 0 0 1 0
3.57709 0 20 -490 0 0 0 0 1 0
3.59375 0 20 -490 0 0 0 0 1 0
3.60924 0 20 -490 0 0 0 0 1 0
3.62654 0 20 -490 0 0 0 0 1 0
3.64368 0 20 -490 0 0 0 0 1 0
3.66011 0 20 -490 0 0 0 0 1 0
3.67694 0 20 -490 0 0 0 0 1 0
3.6926 0 20 -490 0 0 0 0 1 0
3.70953 0 20 -490 0 0 0 0 1 0
3.7277 0 20 -490 0 0 0 0 1 0
3.74433 0 20 -490 0 0 0 0 1 0
3.76009 0 20 -490 0 0 0 0 1 0
3.77688 0 20 -490 0 0 0 0 1 0
3.79354 0 20 -490 0 0 0 0 1 0
3.80901 0 20 -490 0 0 0 0 1 0
3.82565 0 20 -490 0 0 0 0 1 0
3.84274 0 20 -490 0 0 0 0 1 0
3.86062 0 20 -490 0 0 0 0 1 0
3.87676 0 20 -490 0 0 0 0 1 0
3.89376 0 20 -490 0 0 0 0 1 0
3.91016 0 20 -490 0 0 0 0 1 0
3.9264 0 20 -490 0 0 0 0 1 0
3.94317 0 20 -490 0 0 0 0 1 0
3.95914 0 20 -490 0 0 0 0 1 0
3.97739 0 20 -490 0 0 0 0 1 0
3.99334 0 20 -490 0 0 0 0 1 0
4.00964 0 20 -490 0 0 0 0 1 0
4.02558 0 20 -490 0 0 0 0 1 0
4.04263 0 20 -490 0 0 0 0 1 0
4.05958 0 20 -490 0 0 0 0 1 0
4.07633 0 20 -490 0 0 0 0 1 0
4.09418 0 20 -490 0 0 0 0 1 0
4.11147 0 20 -490 0 0 0 0 1 0
4.12934 0 20 -490 0 0 0 0 1 0
4.14628 0 20 -490 0 0 0 0 1 0
4.16336 0 20 -490 0 0 0 0 1 0
4.18086 0 20 -490 0 0 0 0 1 0
4.19745 0 20 -490 0 0 0 0 1 0
4.21344 0 20 -490 0 0 0 0 1 0
4.22969 0 20 -490 0 0 0 0 1 0
4.24579 0 20 -490 0 0 0 0 1 0
4.26279 0 20 -490 0 0 0 0 1 0
4.27944 0 20 -490 0 0 0 0 1 0
4.29601 0 20 -490 0 0 0 0 1 0
4.31219 0 20 -490 0 0 0 0 1 0
4.32848 0 20 -490 0 0 0 0 1 0
4.34555 0 20 -490 0 0 0 0 1 0
4.36158 0 20 -490 0 0 0 0 1 0
4.37874 0 20 -490 0 0 0 0 1 0
4.39474 0 20 -490 0 0 0 0 1 0
4.41165 0 20 -490 0 0 0 0 1 0
4.42743 0 20 -490 0 0 0 0 1 0
4.44396 0 20 -490 0 0 0 0 1 0
4.4607 0 20 -490 0 0 0 0 1 0
4.47711 0 20 -490 0 0 0 0 1 0
4.4931 0 20 -490 0 0 0 0 1 0
4.51023 0 20 -490 0 0 0 0 1 0
4.52572 0 20 -490 0 0 0 0 1 0
4.54275 0 20 -490 0 0 0 0 1 0
4.56017 0 20 -490 0 0 0 0 1 0
4.57618 0 20 -490 0 0 0 0 1 0
4.59324 0 20 -490 0 0 0 0 1 0
4.61035 195.305 150 -300.213 0 0 0 0 1 0
4.62643 199.288 150 -296.846 0 0 0 0 1 0
4.64375 203.095 150 -293.586 0 0 0 0 1 0
4.66043 206.856 150 -290.325 0 0 0 0 1 0
4.67707 210.812 150 -286.853 0 0 0 0 1 0
4.69463 214.463 150 -283.61 0 0 0 0 1 0
4.71087 218.263 150 -280.193 0 0 0 0 1 0
4.72785 222.013 150 -276.781 0 0 0 0 1 0
4.74479 225.477 150 -273.593 0 0 0 0 1 0
4.76049 228.89 150 -270.419 0 0 0 0 1 0
4.77602 232.595 150 -266.933 0 0 0 0 1 0
4.79295 236.252 150 -263.452 0 0 0 0 1 0
4.80977 239.882 150 -259.956 0 0 0 0 1 0
4.82658 243.641 150 -256.295 0 0 0 0 1 0
4.84406 247.11 150 -252.877 0 0 0 0 1 0
4.86029 250.702 150 -249.297 0 0 0 0 1 0
4.87718 254.147 150 -245.825 0 0 0 0 1 0
4.89348 257.583 150 -242.324 0 0 0 0 1 0
4.90982 260.974 150 -238.83 0 0 0 0 1 0
4.92605 264.474 150 -235.182 0 0 0 0 1 0
4.94291 268.03 150 -231.433 0 0 0 0 1 0
4.96011 271.384 150 -227.855 0 0 0 0 1 0
4.97644 274.73 150 -224.247 0 0 0 0 1 0
4.99284 278.007 150 -220.672 0 0 0 0 1 0
5.00903 281.436 150 -216.886 0 0 0 0 1 0
5.02606 284.787 150 -213.142 0 0 0 0 1 0
5.04276 288.098 150 -209.399 0 0 0 0 1 0
5.0594 291.449 150 -205.565 0 0 0 0 1 0
5.07639 294.725 150 -201.77 0 0 0 0 1 0
5.09317 297.807 150 -198.156 0 0 0 0 1 0
5.10892 301.138 150 -194.201 0 0 0 0 1 0
5.12611 304.309 150 -190.388 0 0 0 0 1 0
5.14266 307.478 150 -186.528 0 0 0 0 1 0
5.15938 310.573 150 -182.708 0 0 0 0 1 0
5.17572 313.827 150 -178.637 0 0 0 0 1 0
5.19302 316.824 150 -174.836 0 0 0 0 1 0
5.20915 319.91 150 -170.867 0 0 0 0 1 0
5.22599 323.045 150 -166.777 0 0 0 0 1 0
5.24317 0 20 -490 0 0 0 0 1 0
5.26007 0 20 -490 0 0 0 0 1 0
5.27661 0 20 -490 0 0 0 0 1 0
5.2935 0 20 -490 0 0 0 0 1 0
5.30959 0 20 -490 0 0 0 0 1 0
5.32568 0 20 -490 0 0 0 0 1 0
5.3432 0 20 -490 0 0 0 0 1 0
5.35969 0 20 -490 0 0 0 0 1 0
5.37616 0 20 -490 0 0 0 0 1 0
5.39298 0 20 -490 0 0 0 0 1 0
5.40993 0 20 -490 0 0 0 0 1 0
5.42643 0 20 -490 0 0 0 0 1 0
5.44384 0 20 -490 0 0 0 0 1 0
5.45927 0 20 -490 0 0 0 0 1 0
5.47675 0 20 -490 0 0 0 0 1 0
5.49308 0 20 -490 0 0 0 0 1 0
5.50985 0 20 -490 0 0 0 0 1 0
5.52632 0 20 -490 0 0 0 0 1 0
5.54208 0 20 -490 0 0 0 0 1 0
5.55963 0 20 -490 0 0 0 0 1 0
5.57711 0 20 -490 0 0 0 0 1 0
5.59323 0 20 -490 0 0 0 0 1 0
5.60944 0 20 -490 0 0 0 0 1 0
5.62673 0 20 -490 0 0 0 0 1 0
5.6422 0 20 -490 0 0 0 0 1 0
5.66026 0 20 -490 0 0 0 0 1 0
5.67648 0 20 -490 0 0 0 0 1 0
5.69332 0 20 -490 0 0 0 0 1 0
5.71046 0 20 -490 0 0 0 0 1 0
5.72624 0 20 -490 0 0 0 0 1 0
5.74314 0 20 -490 0 0 0 0 1 0
5.75854 0 20 -490 0 0 0 0 1 0
5.77584 0 20 -490 0 0 0 0 1 0
5.7929 0 20 -490 0 0 0 0 1 0
5.80962 0 20 -490 0 0 0 0 1 0
5.82613 0 20 -490 0 0 0 0 1 0
5.84255 0 20 -490 0 0 0 0 1 0
5.85907 0 20 -490 0 0 0 0 1 0
5.8757 0 20 -490 0 0 0 0 1 0
5.89375 0 20 -490 0 0 0 0 1 0
5.91025 0 20 -490 0 0 0 0 1 0
5.9258 0 20 -490 0 0 0 0 1 0
5.94354 0 20 -490 0 0 0 0 1 0
5.96002 0 20 -490 0 0 0 0 1 0
5.97592 0 20 -490 0 0 0 0 1 0
5.99299 0 20 -490 0 0 0 0 1 0
6.01079 0 20 -490 0 0 0 0 1 0
6.02716 0 20 -490 0 0 0 0 1 0
6.04403 0 20 -490 0 0 0 0 1 0
6.06019 0 20 -490 0 0 0 0 1 0
6.07629 0 20 -490 0 0 0 0 1 0
6.09311 0 20 -490 0 0 0 0 1 0
6.10939 0 20 -490 0 0 0 0 1 0
6.12812 0 20 -490 0 0 0 0 1 0
6.1455 0 20 -490 0 0 0 0 1 0
6.16249 0 20 -490 0 0 0 0 1 0
6.17853 0 20 -490 0 0 0 0 1 0
6.19634 0 20 -490 0 0 0 0 1 0
6.21273 0 20 -490 0 0 0 0 1 0
6.23002 0 20 -490 0 0 0 0 1 0
6.24689 0 20 -490 0 0 0 0 1 0
6.26352 0 20 -490 0 0 0 0 1 0
6.28088 0 20 -490 0 0 0 0 1 0
6.2984 0 20 -490 0 0 0 0 1 0
6.31478 0 20 -490 0 0 0 0 1 0
6.33132 0 20 -490 0 0 0 0 1 0
6.34792 0 20 -490 0 0 0 0 1 0
6.36566 0 20 -490 0 0 0 0 1 0
6.38223 0 20 -490 0 0 0 0 1 0
6.39807 0 20 -490 0 0 0 0 1 0
6.41438 0 20 -490 0 0 0 0 1 0
6.43074 0 20 -490 0 0 0 0 1 0
6.44662 0 20 -490 0 0 0 0 1 0
6.46303 0 20 -490 0 0 0 0 1 0
6.47987 0 20 -490 0 0 0 0 1 0
6.49653 0 20 -490 0 0 0 0 1 0
6.5127 0 20 -490 0 0 0 0 1 0
6.52868 0 20 -490 0 0 0 0 1 0
6.54437 0 20 -490 0 0 0 0 1 0
6.56116 0 20 -490 0 0 0 0 1 0
6.57774 0 20 -490 0 0 0 0 1 0
6.59426 0 20 -490 0 0 0 0 1 0
6.61057 0 20 -490 0 0 0 0 1 0
6.62601 0 20 -490 0 0 0 0 1 0
6.64221 0 20 -490 0 0 0 0 1 0
6.65899 0 20 -490 0 0 0 0 1 0
6.67664 0 20 -490 0 0 0 0 1 0
6.693 0 20 -490 0 0 0 0 1 0
6.71016 0 20 -490 0 0 0 0 1 0
6.72634 0 20 -490 0 0 0 0 1 0
6.74226 0 20 -490 0 0 0 0 1 0
6.7593 0 20 -490 0 0 0 0 1 0
6.77564 0 20 -490 0 0 0 0 1 0
6.79249 0 20 -490 0 0 0 0 1 0
6.80944 0 20 -490 0 0 0 0 1 0
6.82521 0 20 -490 0 0 0 0 1 0
6.8421 0 20 -490 0 0 0 0 1 0
6.85936 0 20 -490 0 0 0 0 1 0
